29233
27688
23736
30414
20985
25942
22885
28595
33453
20843
25226
29240
20336
29677
21150
24110
21253
20445
25253
35961
29190
22868
26412
40763
27604
37145
30887
24330
24517
36767
32534
24426
34920
28392
31177
30149
25773
21338
21187
19981
37096
25165
39184
21442
34453
34255
27133
20135
22330
38271
24034
33251
25104
20056
25215
31204
21507
36831
40831
32709
31609
20986
27249
26970
22788
31359
31383
21019
26149
32431
36766
35789
33905
20174
38169
25645
25171
22823
24102
34955
20294
24377
24403
20826
23707
21040
36947
24471
30340
30331
31561
37011
29380
24213
22320
31532
36882
28857
20856
30005
21500
40718
23450
21160
26635
24683
20828
37117
24230
31471
27573
26029
23545
39039
22810
21057
39069
21380
24681
32780
20799
20108
36144
21457
27861
32763
39277
26041
35775
39134
36153
20998
39118
20315
21542
22827
29995
22797
29238
38468
22134
25913
38041
25954
39640
33167
21578
21733
27468
38761
20010
26356
24218
24037
20379
36524
20844
20849
36141
39038
23521
20054
20851
23448
24815
20809
40863
36149
22269
26524
36807
23401
23475
38889
28085
33322
22909
21917
21644
21512
36203
40548
40657
24456
21756
20505
21518
20046
29392
20114
33457
28369
21270
36824
25442
24739
40644
20976
28784
36745
24674
24935
24800
26214
20250
23130
35905
27963
33719
25110
38669
20987
26426
36857
23020
26840
38598
32423
20960
33034
31085
27982
23490
26082
23478
39050
30002
20551
23574
38388
20860
22904
26604
25315
21073
24314
30086
21280
37233
26898
20132
39556
25509
25130
33410
25463
32467
35299
22992
25106
37329
20170
35880
36827
23613
21170
20140
32463
35686
38745
38893
20037
28792
20061
37202
25937
23601
33738
23616
20030
32858
24040
20855
36382
21477
20518
25496
33740
24320
21002
22570
30475
24247
28900
39063
21487
23458
31354
23495
33510
22446
24555
23485
27454
31397
22862
39745
36771
26469
28572
32769
20048
30922
40654
31163
29702
26446
37324
20029
21147
24265
33080
26753
20004
37327
32842
23525
20102
38243
20020
21533
38646
40836
39046
30041
27969
20845
40857
31548
23044
33446
21346
21348
38706
40575
24405
26053
23653
29575
21365
35770
22920
27667
24537
33541
33538
20040
27809
30473
20204
29467
26790
31859
23494
21193
38754
31186
27665
25935
26126
21517
27819
26576
24917
26408
37027
21335
22218
33041
20869
33021
20320
36870
24180
24565
25197
34384
25386
29228
25490
29260
28227
30424
21028
25243
27803
28558
34028
39057
29942
39047
30772
33889
26222
26399
20932
20854
36215
22120
27668
25488
21315
40660
38065
21069
27424
27465
22681
32728
20999
20146
38738
20542
21375
24773
37041
29699
22234
26354
36259
21435
20840
21048
21364
38592
28982
20873
20154
38887
20219
34701
32466
32905
22914
20083
20837
35109
36187
19977
20254
25955
39578
33394
20667
29642
23665
21892
21830
19978
25668
31038
36523
32453
31070
27784
22768
29983
29989
21319
30465
21097
22833
28287
21313
30707
26102
23454
20351
23630
39542
31034
22763
19990
20107
26159
21980
35797
25910
25163
34092
27530
20070
29087
26329
40736
23646
26415
31446
34928
29993
24069
29245
27700
30561
39034
35828
19997
32902
22235
36865
25628
35785
32899
31639
38539
31499
25152
20182
23427
22826
30251
27631
31958
28059
26691
28120
22871
29305
20307
26367
22825
36148
24311
36890
30643
21516
24420
22836
20984
22270
25176
22806
24367
39037
26202
19975
24536
24494
22260
20026
23614
21619
20301
21355
25991
38395
25105
21351
21596
26080
27595
27494
33310
29289
29306
24687
24076
29312
23777
19979
25472
38386
29616
30456
39321
20065
32724
24819
24055
21521
35937
26195
23567
31505
25928
20123
38795
21368
36763
26032
24515
20449
34885
26143
20852
24418
34892
24615
33016
38596
31168
35768
33988
36873
23398
31348
34880
29071
35759
20011
38597
20005
24310
28436
29141
20208
20859
26679
35875
35201
37326
20063
19994
22812
19968
34915
22839
23452
24050
20197
26131
24847
20041
30410
22240
27575
21360
33521
24212
36814
24248
27704
29992
24189
30001
26377
20305
21448
20110
33286
38632
19982
35821
36935
27442
32946
28020
28170
20803
32536
36234
31908
32792
20113
26685
36733
20877
22312
36190
26531
30338
25321
22686
30415
26454
32773
36825
26015
30495
38663
33976
25972
27491
25919
37073
25903
30693
20043
22336
25351
21482
21046
36136
31378
20013
24544
31181
37325
21608
24030
36880
31481
20027
21161
31569
25341
36716
22918
36861
29730
30528
36164
23376
33258
36208
23562
20316
24231
21317
22121
30590
20060
33416
21347
20396
20717
20865
20971
22809
34148
23586
23596
22103
24158
24005
34914
25109
28698
23461
21675
23662
22986
23045
23267
23379
36558
25115
25122
26199
26342
36169
35281
27635
33194
39129
39130
25149
31130
32896
40700
30468
29918
40480
40489
40524
40553
30129
32786
39060
34473
34660
33278
35032
31932
32411
40628
35911
38643
40104
40122
39751
39144
39181
40583
40594
12289
65292
12290
12291
12293
12296
12297
12298
12299
12300
12301
65281
65311
65288
65289
65509
8212
65307
65306
12304
12305
33
34
35
36
37
38
39
40
41
42
43
44
45
46
47
48
49
50
51
52
53
54
55
56
57
58
59
60
61
62
63
64
65
66
67
68
69
70
71
72
73
74
75
76
77
78
79
80
81
82
83
84
85
86
87
88
89
90
91
92
93
94
95
96
97
98
99
100
101
102
103
104
105
106
107
108
109
110
111
112
113
114
115
116
117
118
119
120
121
122
123
124
125
126
8214
8216
8217
8220
8221
8230
8242
8243
