34578
36855
20915
21453
36739
29420
27035
26463
25549
38065
22320
21320
36171
36807
26377
24735
28907
24187
25032
25480
27530
27688
12305
24448
25384
20221
29004
24744
31446
31859
20282
38597
21737
35074
22079
29747
26222
21897
21170
24910
33021
21161
21019
30699
25159
27704
25110
30127
31283
32477
25260
28857
30244
38797
38712
40132
39532
20999
34719
38646
36163
29301
29627
38450
22675
36174
34568
26797
22330
37057
33421
29406
22982
20908
30862
21280
36162
31354
36724
35980
33073
35806
21460
28165
36142
38452
27663
24524
31455
32416
25311
36170
21674
28346
38899
25000
31487
21478
20431
20170
21385
39699
26329
24405
27839
35784
38130
20139
26641
28369
27966
24825
21363
22242
20957
24807
20161
32451
31169
38083
38506
31607
30887
28044
24102
36776
24069
39309
26448
32442
33879
37213
33550
26454
30495
21488
25259
32509
20845
29623
30933
21544
34507
25238
31699
22622
33988
24724
35772
28291
21792
25991
37011
32427
36149
25601
39321
40635
32932
19982
20426
25600
32489
33983
21271
24067
30524
31649
40483
31264
36779
25794
26247
31961
33495
33656
21947
36153
28363
33104
20940
26041
33510
39592
19985
24473
36341
20302
25569
24052
24189
39033
30406
36182
22204
38670
36190
25856
28342
20391
33459
32456
25193
30528
36184
34631
31077
23081
28954
21273
36761
36180
32938
33805
36175
20116
25438
38893
22199
12299
25797
25307
22418
35769
28286
26364
21397
28422
20892
38148
30772
32650
25321
32923
25642
38053
32496
22865
22307
23731
23457
21153
38453
27465
20809
35841
24196
32597
25197
27803
20065
21927
30776
28070
28846
30342
35814
27901
23625
21892
33889
26874
20805
36144
27987
20843
25151
30054
28921
25467
34921
31967
23830
29609
23578
30585
38553
30284
25545
24247
32553
29790
25206
20061
23630
32843
31229
32728
21331
8220
25487
36424
34468
40107
29993
33529
35745
22359
31048
25781
31291
30910
30058
27835
30186
26071
33285
28014
20027
24537
29942
34972
35686
37326
20166
30416
23467
21578
23588
26447
22609
33391
39740
24222
30427
38262
36129
20309
20202
23486
32534
21560
39031
29123
25203
31095
38656
26092
38149
39044
36154
26580
39282
33335
29611
20260
39301
26097
38500
39578
26411
23803
36315
20813
24041
28865
22466
20035
33181
26238
33760
40718
24613
27631
20420
25375
31292
22496
27891
38795
26928
29408
30307
20919
21507
26728
34479
29748
35466
32440
32043
30768
38256
33251
23517
37259
25528
26426
39311
25513
22859
37196
36805
38485
23110
32831
23068
29791
21535
36801
38686
24773
22066
23815
21485
26015
35937
25758
23648
28330
12289
20804
25810
27934
34989
32423
34394
20570
23380
21890
40857
39746
34256
35831
25325
31435
34121
21009
21195
35114
36825
32445
27523
37030
25918
24509
35266
25417
26354
19988
31207
27167
26415
33033
30171
33769
34928
34521
33592
29157
31319
28096
20272
25327
26512
24694
33026
39759
20018
26694
28518
25234
22842
25620
35961
32465
65306
25422
27809
27029
19990
29926
27233
26391
32453
24458
21162
21561
31454
21050
20182
33575
25305
30897
22260
38024
30899
36164
22987
22383
27431
20107
20856
26021
40481
35199
24266
31890
25252
26869
36143
38047
23089
22870
25114
32435
21776
36865
20315
26725
20064
26680
25925
26480
21736
20599
32422
23495
36898
31423
20280
40836
29237
33298
20851
25671
23016
21017
25481
21059
21491
21683
25670
25277
27819
21696
20210
33539
36973
22855
32469
36785
35829
30418
20026
21533
20837
24808
24742
20276
24246
25220
32538
20608
30555
26825
39128
33310
36187
26242
65288
33948
34649
20955
38203
23427
38669
20985
38191
35828
26089
30126
20129
22815
24213
27589
21028
30116
38401
26263
28982
32458
27827
24207
30952
26045
34532
31258
32960
28526
26612
24684
26531
21053
28577
36193
33109
32618
30596
31639
39302
23433
33286
31166
31348
23429
22661
26494
24198
28459
21638
26643
38459
39280
21834
33216
24359
27941
31934
31867
32482
33721
35201
32602
29359
26179
29976
25466
20498
23462
38713
37066
31526
36362
34993
28078
27427
33639
20043
21073
31471
29503
38469
21880
21375
33580
34903
23447
35010
23700
38125
34880
25441
21647
30168
35748
38142
28061
23637
22530
36793
25265
40575
31946
25628
27036
36156
36712
22919
38388
32047
34892
35850
26429
40158
37197
36339
27599
35837
20912
21313
20142
36466
20204
24223
31958
38449
35823
20725
36733
25377
31569
23047
29245
29702
28888
21097
34638
29261
27877
32493
34223
31570
25104
40141
24713
20284
32764
22831
20179
36291
24935
22971
23459
20808
33039
40511
24853
21462
25253
20056
34496
29399
27844
25658
38665
21155
25380
22697
32905
34434
21517
36965
38224
33722
36804
33300
20240
38753
28183
30431
32568
36215
23376
21510
31508
20652
21550
36343
27719
25602
37327
24188
25170
34924
35809
36741
37329
32701
25176
37266
22841
36767
40515
24311
38085
34656
26131
27792
33046
24033
32963
20291
20828
23398
24525
27204
25970
36176
32548
27965
24237
35785
34092
20463
38397
28938
36159
33134
29454
38113
23665
29983
20896
33276
20196
28151
30634
26420
24148
20801
22218
24687
39281
29228
39545
36132
24551
20993
25463
33545
25358
21076
26943
30896
24930
28372
38505
24212
33725
33261
30178
25530
36882
26088
34678
24598
29863
30446
27748
24347
25315
26106
36192
38170
26449
25421
21152
38604
38062
24936
33616
25153
22771
30151
30053
25242
36212
24093
20398
31548
23044
22343
23439
33738
33145
24109
32966
40784
31378
28108
22275
38048
33410
30201
20045
36276
26438
38533
37070
21283
32490
24055
21247
20159
33905
36831
24615
36816
25022
24517
32508
23789
35059
30636
35781
31572
30410
35282
30637
39122
20559
32512
36305
35782
30561
29699
24459
19975
21048
38189
38454
20117
28809
23002
22266
32472
33922
27611
12290
27982
32673
31895
27837
21483
25928
22869
28595
27249
23621
22882
38184
21702
23558
21365
30475
38887
34920
20050
29579
40485
22916
21828
22576
24211
36974
32500
33707
39072
21497
22368
23130
20581
38393
29502
32570
33778
26137
28508
22334
22257
29366
34109
24403
22391
25226
20891
23884
20215
20840
28023
21457
34453
26085
33883
35946
36259
25287
26080
36814
23487
38548
32925
22905
34384
27849
21486
38567
20329
22025
36893
31186
39047
24378
32418
22721
32993
25317
21547
24050
26172
31800
24443
22604
29384
31494
30967
32032
32531
21078
33655
24575
30399
36710
20834
33151
26257
21311
32736
26505
21047
27978
27915
24847
23736
21884
32907
28293
39745
28304
21220
23518
30249
29306
25571
20140
31456
34676
22070
29483
29712
33014
20041
21568
31351
22810
23454
26356
32942
35910
26410
29287
28889
21442
21710
21163
29378
27498
20769
36131
36138
32110
33179
35770
27695
20917
25443
34385
21290
34579
23572
32718
27425
35773
26816
36753
20440
24561
24062
23626
26165
33268
36538
28207
24034
21360
25343
32593
21151
32986
27807
26421
20976
25235
26082
26519
21361
29238
32780
35760
35167
12297
36401
30707
25243
21329
20123
24140
25644
34474
20247
30140
28009
21452
21917
27779
21519
36866
20051
36140
25172
20249
21895
28059
20405
20351
30154
24785
36235
22902
38067
29827
25285
29087
38654
24429
35905
32622
20113
23679
24863
26579
35268
27769
40479
25282
26224
30103
28218
20432
26460
29978
23186
20992
20057
26367
20171
26837
36137
39062
31705
28448
23401
29989
30123
27305
22438
39295
27454
24043
28113
21472
25342
20271
31461
23431
26114
21653
28504
30789
28248
32771
25674
39567
21407
28192
22068
26829
20461
28129
21531
38497
38075
38590
27836
20538
32829
21450
28132
26124
23219
25096
28335
31449
31726
20961
24425
20256
24800
36991
24120
22240
21518
21943
25198
21584
21862
29923
20094
37145
21378
26970
21688
22696
20024
38271
36910
25442
33098
20505
36317
36766
25248
28626
39037
31515
20062
21032
31224
26001
36802
21589
21480
33280
24418
34091
35851
26647
21551
23490
23273
22766
29298
32610
22900
35009
32544
32504
39539
27814
34900
38153
25474
31532
21916
30382
26197
32933
33832
30423
23576
30977
27773
22367
32745
32433
22346
31524
27964
23610
21697
26786
32920
36418
26974
30496
39269
33041
38556
26406
28212
19994
24037
26790
26964
39536
32852
29260
39046
40548
30001
38384
22827
20731
39050
20379
20160
38190
22840
26893
30028
22244
37240
29071
33167
21382
27850
38138
20474
24813
35820
24428
21939
28382
32972
21676
24908
36943
30702
29273
38215
28153
26799
38096
25615
31657
40657
40550
25215
20852
19977
33007
24049
23494
23561
40664
24806
20853
40644
23451
21769
36460
26842
23234
28046
29356
27905
27572
40499
35759
24038
27513
22756
26742
35302
25273
32560
30302
25249
33071
26032
34276
27744
26578
36848
23633
38382
20016
32900
21796
28891
34164
26412
21898
20029
30518
27280
29100
29590
26705
22443
38414
35832
20621
25292
25721
21351
25913
31072
31384
25447
37247
27617
36225
34502
28107
31085
36798
26646
22885
25578
28145
33040
38472
28783
22363
20551
23521
26753
24518
40060
36427
21018
24841
37051
32454
38504
20964
20054
24110
27888
33457
21330
25703
22269
26441
21985
33632
36857
37257
40521
22234
21513
24420
25386
27542
24490
34013
36198
37202
26118
34451
65307
20754
20237
25299
38177
38451
31243
33719
21746
24751
27946
35328
35789
30196
30606
21463
23460
23478
25318
35895
31383
24245
36861
30162
30021
33588
20465
20506
29060
36136
22521
28465
23681
8243
25103
40100
25303
25746
36827
24180
31729
21033
36764
25169
25324
31561
21557
23413
27627
22278
25370
36941
35885
23673
31364
36367
22852
30192
25366
26053
39547
22992
23244
20820
21439
31293
40522
35962
25520
30331
25166
38761
28548
34417
21475
21040
39064
25937
25581
25335
21215
31382
21520
30828
32439
21333
22612
27832
30111
21208
26577
40480
26657
28067
38181
33831
28478
29255
33515
20167
33333
26479
31921
28024
35029
30631
23500
28378
32670
36879
27899
35776
22857
21709
21621
23792
25298
31034
35014
35475
25214
36126
20254
28041
34647
21719
30142
26102
20419
35884
21957
30270
33976
26143
26157
26007
22495
28866
25276
21980
27573
24840
28903
22122
29305
36951
26575
33492
39314
24456
30130
26477
32532
20826
25484
32874
32789
31096
40863
27931
39029
27833
28814
27178
29916
36718
39585
39063
25947
35848
21355
38517
33647
38109
35013
19968
35916
26666
36196
32844
32476
36141
35206
38552
20133
26704
34108
21367
21596
32922
24335
24464
32526
26465
32819
20363
32428
39764
38754
23546
65281
21564
24576
22797
28895
35859
28525
23601
24339
20698
26792
21171
21872
39548
20180
40660
65311
20365
22561
21495
36151
38416
36890
36300
28821
26684
25577
26228
20046
36874
33590
26685
39068
21521
36757
24452
31389
26604
34505
35797
38381
28193
20307
24822
27735
26230
35746
21592
20134
31105
23556
20887
26093
36891
20911
36820
39540
36186
21069
20462
30722
28034
26611
27495
40763
33446
21608
27088
25296
32034
38152
20044
26729
26898
8212
8217
29577
24895
38613
32479
35876
21256
26132
20854
27442
24494
20047
38582
20185
30913
26020
33804
21307
34255
21644
37221
20387
24444
29701
29031
28976
29808
25472
37226
21619
36887
25506
20979
25163
30900
24039
34752
25424
27784
21364
30086
33609
21253
24367
30456
20262
33152
20255
30105
36158
32856
36884
31080
29275
40831
34691
22570
36763
28040
38169
30693
30746
20648
25490
20305
32946
35838
37009
38468
38475
23612
23167
27492
39537
27993
22403
12291
35064
30572
37255
12296
22378
21451
36896
32705
25512
20811
32592
38632
24779
26446
23581
31929
35868
22856
24481
30719
27225
20323
25773
31574
33579
25968
22253
30343
33108
26159
29006
39635
33636
25376
23624
24974
27801
30504
34955
20849
26376
29492
28792
38519
33324
27575
26631
24088
21654
21860
28147
21402
23158
23039
25332
27870
22411
28435
29028
31581
24658
25250
33203
33900
38192
31637
28818
24080
22427
33479
25705
35090
21553
31171
21799
8221
20960
38534
24184
20572
34503
38391
35752
30679
23477
22825
34913
29240
25239
28010
24090
25964
22312
21350
22366
20239
21738
21315
34809
30861
26029
21548
35272
25319
21435
30529
21806
20177
23663
36935
22446
24577
25379
26693
20861
22868
21733
23631
31821
20987
37027
36719
35768
36194
20943
31751
23043
34915
23547
23391
25605
24182
29705
24030
27985
24092
20320
21150
34935
33540
24816
22280
29934
24904
28689
38901
26530
21807
22930
21046
38057
29312
23615
21322
22920
27185
21477
26522
22467
20991
21269
30733
22120
34893
29730
23617
25410
25331
24796
26417
34850
35874
23452
23381
31661
26690
28120
24651
19981
33945
36735
31567
26979
33909
35889
37219
25688
23525
20381
21523
21035
25454
31185
25143
34444
27133
22564
30782
21066
21543
35065
23828
32948
21527
23528
25289
30830
40495
25152
35825
23233
24322
24357
25735
38518
24377
35892
20108
32499
30420
26464
31174
21058
24764
26609
28909
36145
36319
24819
20301
24231
26059
39035
19978
21809
39184
26432
25958
34180
35774
37207
30857
26894
25387
26635
32541
25915
35854
21021
20004
20197
26434
24604
27012
39297
36234
29572
36152
32792
33180
21556
25684
33455
26408
20174
40065
20020
29289
21549
24230
30701
24623
25179
38144
24265
31204
33146
24951
39290
33099
22863
32982
25805
30340
27014
27602
30879
28845
34028
20111
32781
39277
36923
36777
34917
33469
23466
24661
32599
22741
24756
27979
24635
23458
23849
33150
22918
26497
34945
33735
26925
27922
31209
36829
30417
21822
28608
31295
26379
31179
26623
37096
33392
23567
22017
28371
20986
29424
40501
31350
33503
29369
21988
23453
35856
21576
38829
22833
24433
20989
22763
27585
30338
24643
25106
25494
30452
24217
20711
21119
24616
28102
25216
34467
37034
30718
31513
20982
29924
39534
33993
21830
20799
8242
21657
22365
34562
26543
25062
21414
21508
20137
35780
25772
22336
35826
28436
22812
25954
30732
30865
38592
28457
38816
20070
32974
20110
20457
28552
36229
31397
29677
29081
21467
25314
20973
25200
36824
32431
33322
24466
20945
24618
33258
28392
27515
23041
32483
31377
36420
21500
31896
28073
39748
31363
32434
25558
23475
25554
33394
26848
25420
33176
31246
39135
30068
24608
20923
21727
26538
28860
27687
24555
33034
31104
30333
26723
30246
39039
21516
21465
26126
32988
36720
25504
38420
30460
20687
31232
25212
22836
32842
24596
24917
38386
39038
25950
25140
32533
31957
31163
26361
21169
27490
22995
20080
21410
24179
21514
24220
36992
20848
31391
38045
24594
39558
36335
25955
25293
21563
34183
20860
26234
31070
34542
29134
21448
31918
28322
27900
26214
36386
36981
31964
22016
26696
32501
33635
33368
29190
25874
20241
20025
38634
32918
25405
21700
38405
34218
36461
38086
33714
28385
24029
26999
24369
24199
33485
30784
21704
33589
23456
20313
31361
33618
25749
34957
21306
22475
23448
24076
21416
24310
22993
26524
33452
32487
23156
28796
34987
22434
25619
24674
27867
32999
24202
26188
27754
20934
26087
29432
20294
21756
31807
29425
36255
25195
23435
22353
25788
32858
36125
20445
23305
24324
26588
28798
36731
32447
28431
36797
20511
20806
26194
27739
32467
20975
22158
36808
8230
34633
28789
39286
35866
27667
35845
40486
24320
26216
20932
35843
22774
36784
26395
20248
21310
34360
34174
30721
31616
21248
24191
20165
30450
22351
20102
31968
31914
31062
31177
26539
35088
23241
25034
26800
21149
21348
30683
35777
31181
22806
21487
27882
22937
27605
33970
34067
27969
29618
23721
38383
29226
38243
27785
25300
25112
21242
24065
32769
22581
40654
36963
23194
24178
34636
35810
35853
26286
38463
21246
21827
33100
26525
25026
20558
33673
39048
37492
24162
29313
24858
23703
23562
23506
38134
33402
38376
23544
20037
40527
34558
27004
35044
23618
29462
31713
24046
28180
25429
38050
36523
38663
21327
37228
38055
23551
21051
23449
33796
22374
28195
33147
39030
35766
36894
37239
26500
32660
27694
36843
23383
30519
26691
28784
27597
21326
23395
22238
30697
25391
22823
33821
23432
33538
26187
32462
20392
29575
29409
30239
20914
27745
36393
33740
38107
20984
25774
24471
26212
24066
22350
35846
21672
40509
24341
26012
32617
31869
40092
28316
27822
23425
20859
20154
24688
26151
26127
22352
21388
24685
25830
30610
21627
8216
34966
21340
25402
29392
30511
38498
36203
25668
32954
25353
36481
36524
22996
25413
21629
20869
29995
19971
30000
32902
40653
23707
20518
20234
21804
23389
19993
22949
29468
25745
36148
33437
27742
34433
32929
26397
29141
34763
36495
25527
28006
27714
24125
23492
29038
30097
25130
40493
37233
30106
38400
25191
21742
12300
25139
32463
25769
20083
24871
34523
37038
29642
34962
40614
20223
26775
26700
26632
31036
24754
28287
21016
38179
21193
33395
30827
31245
32518
20928
19984
31579
25042
35465
26399
31735
28142
24072
21536
28053
34581
39034
35757
29943
28155
24653
31568
33436
32768
23545
22899
24573
38180
38054
34593
30002
21650
21147
28843
37324
25588
27169
38394
30473
19969
33777
32928
31211
33433
33125
31665
30871
35775
32697
40723
34516
38392
22121
30044
24944
34584
29645
24351
20048
35799
20010
21305
32517
24441
27665
27493
27873
28418
29615
22235
28170
21494
31459
34383
31388
23481
24208
26629
21496
27583
23476
38596
23574
24070
23519
39554
26368
28810
26495
32455
34560
26195
23646
28900
21534
19979
28748
24453
20007
38156
30917
32899
24971
38738
24472
36926
33633
24590
22788
25240
33293
36864
31983
27880
36130
33891
27682
26681
28966
26827
28388
28139
35875
36755
27852
30408
29281
25439
38649
33218
28079
32943
25552
36286
22270
34837
27974
25514
28393
19996
21761
37322
21270
33311
24503
20439
39542
21545
20918
32503
38598
36299
31206
33334
30003
38182
24778
28227
22839
30566
21368
20998
23472
24449
24275
23822
31119
21912
36346
24323
21767
34588
36454
25597
30165
21505
31165
31995
36139
21098
24544
33630
37319
28953
39278
36920
26550
25423
33499
38136
25945
36275
25764
21400
24676
38889
25187
27609
25496
21525
21671
33899
34460
24681
33713
24980
25903
31659
29616
29436
24833
38218
24086
32834
29422
20995
23035
22909
23507
30424
36758
21319
21754
20081
22829
22372
20384
34425
39559
29595
38035
23725
20360
20900
12293
20803
25381
26469
36394
21002
26262
24680
23782
38108
24314
35033
38774
29467
33086
20278
36713
38208
39640
23616
37101
26564
27743
32461
21476
30334
29484
32784
30465
33806
26025
33337
27491
31069
65292
38477
29233
31469
33626
36208
35858
31216
31881
21344
34553
38476
34442
36817
36530
33419
30149
26152
31528
32959
30860
32511
40736
39118
28085
30805
30072
20613
20132
33406
27450
39041
22969
24708
27010
27224
30651
22914
24789
34006
25199
24535
27308
20389
30415
39575
27815
21015
25414
32626
31629
26758
36127
36947
21484
38078
24691
36161
39285
33328
35269
25806
28246
25308
22534
24811
33537
36744
24739
22635
25488
37237
21038
24656
25975
20882
21971
34321
26885
20937
24432
38046
35109
25196
38599
31687
24426
25511
30005
35880
28297
38684
25462
25551
26597
26144
21381
27874
28082
20141
25776
25165
20876
21602
26366
30457
25720
36830
27468
20864
31373
20063
37026
39042
28071
28389
25340
36867
36745
19992
27713
26223
36924
21574
24809
20114
33487
31614
24133
32958
28065
22369
32426
22013
23553
28572
29486
35762
19987
22871
32466
19976
24700
20316
23613
25932
33011
22931
32452
31168
21346
12298
26292
20889
33351
26803
23094
27675
23421
27975
25233
20122
26834
28949
21335
28844
24605
24815
21160
32437
32937
26726
22830
27060
30740
32773
32908
23013
39307
22934
36742
30742
20184
26576
28404
26063
27604
36828
27426
23649
34701
21103
25509
20052
40632
65509
31505
29922
21441
26049
31189
20183
30031
32536
25105
24149
27954
20030
25645
38772
20356
25972
30251
21128
28176
22768
32676
23569
27048
23608
36870
21024
36880
25361
27264
20002
22522
22777
26202
28790
36771
38081
23113
21387
34619
21501
23702
21693
35819
38643
33502
33192
21334
24358
29980
20658
32441
29992
27927
24248
20500
35692
40120
21713
38742
33016
27531
29239
25995
32961
26174
30462
34789
34203
21254
23653
31192
34885
38593
31481
38750
34429
31071
30422
20266
21095
23385
32478
20493
34948
32793
26551
29022
19997
36716
30250
29076
22686
39069
21482
20598
24565
25304
12301
28902
24352
20872
33136
30813
26865
24717
26381
30872
35835
22065
28558
40150
30095
25171
32990
20135
36328
38236
27668
27494
21648
26440
32930
31563
33465
29664
33050
31499
26791
24402
20415
27721
30405
29481
35793
21093
39076
35878
27973
38201
37325
35749
26862
31227
25329
27760
25284
37073
28216
32557
33756
33541
39292
38480
36213
25286
21681
35270
33931
25910
20146
22303
23548
22805
27529
20208
26840
26149
26592
8214
20195
31215
21490
20040
22073
31359
32724
32827
31302
25345
12304
25880
35802
39556
30690
34074
22478
38706
21512
20214
39569
39318
20399
27424
33426
33853
38115
28201
26009
25302
28196
22404
21741
26757
27818
34411
38025
20885
20542
32791
30137
21990
35947
37117
38160
34746
23450
33292
38470
21338
30008
35299
20449
24330
33267
39550
21464
23485
23396
27516
32763
25209
19995
34432
32564
36330
35273
28856
31908
26517
30563
38607
22986
33828
35834
23627
34923
32824
31038
30643
24868
33030
28020
21183
36711
29241
22402
31199
40560
38543
36752
27700
28779
28799
27813
38544
20105
25237
29256
30011
27028
21595
35821
20104
38378
28872
33453
36873
38647
23614
32709
24597
39588
30844
36930
21345
20303
25320
21542
23384
34382
20607
21449
25935
38041
29066
23265
27861
23853
22616
20540
20971
33620
23682
20504
22681
33226
35758
33829
20855
32321
38745
20219
34583
33162
21766
20513
23777
20225
29421
34122
21202
38155
32039
30264
20877
25346
65289
26435
39059
20339
25630
27838
26639
39045
33509
38395
33080
32473
20173
36895
21191
27463
25351
23064
33445
24215
30385
40517
26472
38145
26679
22256
30041
20390
26086
24013
21857
27875
38431
34071
29756
27963
21187
22952
34430
28068
34758
27146
24748
36133
36134
24736
26023
24515
32010
25919
39564
36527
23004
26103
22826
26031
36214
32654
30007
20250
22179
34299
32552
24536
21049
33329
29282
30036
20667
35763
35786
39057
22880
23436
22659
39535
22549
31609
32420
34065
27893
22362
21628
31909
28072
25269
22799
35805
33043
24040
31903
24085
21861
34905
35813
28781
34261
35265
29482
35753
39134
36135
20013
21106
20844
33521
33606
21010
20817
36172
38752
20005
22791
30447
32752
33008
22904
37
48
49
43
50
61
51
52
53
45
54
55
126
56
57
65
66
34
67
68
35
69
70
36
71
72
38
73
74
39
75
76
40
77
78
41
79
80
42
81
82
95
83
84
96
85
123
86
87
125
88
89
124
90
33
97
98
44
99
46
100
101
47
102
103
92
104
105
58
106
107
108
59
109
110
60
111
112
62
113
114
64
115
116
91
117
118
93
119
120
94
121
122
63