37261
32119
27573
28689
23048
31740
24603
24580
38518
27641
38417
26230
30490
36372
33932
26413
28467
20859
30260
20613
22909
23991
30315
36275
32502
21483
27060
21387
38174
40842
39064
30970
24910
24508
38056
40102
37009
20315
34916
24469
36470
24231
21072
26755
31649
20336
36952
29226
39576
25253
33777
30423
24717
37283
22774
25377
33694
37238
31353
21160
28129
36731
25661
30235
27268
25733
26095
38212
22271
40614
38023
28486
21382
29243
21480
25256
33370
29951
28846
30759
25668
38893
32669
21320
31908
21351
31267
31657
20964
38067
33140
28327
26686
25638
33203
27198
27807
33464
24357
38131
31391
22969
26653
30509
26665
33395
29071
35088
27821
29470
32537
31215
29854
30475
23461
22307
38395
38394
31169
25172
25549
33096
38675
38138
34537
20444
20405
36381
36801
28052
25042
38210
24222
29461
20122
27908
32472
25170
31518
24076
37259
30830
21539
38052
21322
23436
36874
36758
28182
21866
33308
28748
36827
39273
34065
40072
34612
21335
29450
24400
36303
30128
27257
28504
39562
36362
21430
34388
32327
24403
38194
40560
39536
26420
31859
30798
24747
22403
31586
32905
26451
29618
35068
35782
23901
25627
30095
31957
33137
34513
39033
31130
33907
29066
24274
39764
29634
34930
20225
25345
28205
31319
38639
19968
26149
38167
25296
36192
22031
29864
36766
32558
26009
25335
25311
29999
21380
28071
36935
20313
22046
24509
22635
27778
22312
24090
21269
34914
27993
23045
29641
31264
39661
33585
22788
20318
34691
33502
40110
20325
23723
36131
22404
20472
31034
25119
28865
40142
21734
34321
29048
22948
40653
36305
23380
35992
20361
24265
33127
34926
33669
31456
23815
34486
24826
31063
20643
35859
40553
35791
37060
32902
23500
30147
28725
30875
38391
30566
34952
27782
20860
33594
37775
35074
22124
22500
33705
28072
26541
32961
32741
26474
39556
27690
39589
32806
31235
34203
24030
37290
25616
20538
38258
20223
25669
23610
26011
27571
36962
40538
38204
20272
25234
25447
27604
25248
22055
30016
31143
26497
40723
23130
38754
25276
24536
20603
22737
27896
34999
21165
40637
35082
21136
20294
38466
28866
37295
28121
36157
23612
36743
21463
31181
39633
20813
22849
38157
33433
26964
34558
23578
34047
29971
21592
23478
28390
35270
33020
26536
22405
36244
25329
36524
26533
33187
24324
22467
40523
25518
30952
21414
23654
34506
39321
20193
37054
36205
21602
34303
24792
25880
21435
34481
38802
27689
25487
22681
20652
34672
30251
25671
25341
24846
25828
20221
31069
40513
32456
32930
25705
20211
19984
33219
33489
33018
39336
20137
34978
39048
31373
33300
20347
38742
22844
22094
26115
21368
38246
33884
21411
19978
35097
35880
26151
27713
28009
33714
23682
32843
26990
21636
27463
23755
28655
31520
33733
38485
39752
20062
38155
34468
21566
25566
36399
35449
20846
20743
33492
39035
38129
37322
36154
36172
36149
23965
36764
38596
26757
27861
21510
33912
21385
28938
22150
22231
30643
20998
30995
30631
40481
23157
31601
25540
28641
23110
22093
27526
32486
24944
36126
20979
28849
32433
35937
34746
37257
24742
37150
27001
36917
23005
28132
31283
20493
20454
24245
34789
35750
40063
40660
22129
22134
20857
26003
31995
21010
36163
31943
21698
22479
21525
21164
27795
29043
21452
31209
31983
30606
32541
38376
22122
36712
28982
39053
30495
21654
39586
27814
33355
31481
39050
25968
33324
24517
29421
21756
34779
32485
20865
31062
23919
31035
28267
31287
31046
23924
39588
24084
27527
38433
26366
37217
35886
28237
22930
25628
35827
27607
23558
33972
23736
25401
29004
29277
22716
36763
23089
24422
30775
31644
34701
24503
25600
24428
36139
39333
30405
34485
40499
23404
33048
25509
20133
25165
40763
21677
21378
20520
39580
29408
32499
31559
35887
38243
32554
25106
30468
21735
28212
27204
34578
35166
37021
22880
23961
31366
38057
24050
24266
32531
21999
29582
28487
36170
30885
20804
25479
31530
23429
34472
38170
23391
39070
31572
32728
21327
28075
38238
24577
31295
32545
21128
26103
24925
29256
35275
36420
34520
34560
35860
20173
24458
23485
39583
38089
24488
31654
30590
26044
31359
32034
20900
36142
38166
22218
24328
24034
25602
35881
24065
20873
33519
38066
32939
22100
25749
20258
39184
28921
24799
27963
27769
39616
26709
32937
36711
27695
38678
36347
34900
32476
24322
38377
19969
33983
34276
35980
26803
29791
25300
21588
40858
31350
24130
38154
33852
40563
20189
32626
34180
38231
28577
21809
38381
33719
35988
26202
26597
24591
21449
34623
26898
21491
27983
19977
34107
33606
34169
32315
32478
29969
28888
24609
21086
37293
33328
23475
20445
27122
28583
29311
25672
40718
31216
28525
40157
23043
30923
40838
25620
26592
29427
39568
35763
38080
30148
30302
29712
25226
24525
36759
32039
26280
33504
26408
25753
25903
33673
22242
28243
26389
38670
24013
20607
40100
24601
24254
36424
23113
20898
25098
20262
22922
40681
31040
24754
28340
38475
38599
33180
25941
28244
27589
35265
27073
25735
31036
26015
28192
36166
22377
24579
21016
29649
23319
21171
29744
33638
29323
38476
34505
39074
37013
30146
20238
23896
22336
27849
24833
23860
30883
30626
21450
38412
30707
24558
22204
32544
21658
36741
31611
24551
23492
28095
21715
38060
24043
20369
12289
27969
21863
35765
26244
38209
32428
26698
24574
27809
25237
22629
28153
23879
24378
29838
28100
33798
12305
35805
26797
25955
33217
37050
24224
24751
29020
21913
25100
36881
23138
31751
35328
20908
24402
31632
22959
23581
32423
22496
38701
30827
23615
21590
38022
31293
20317
38032
40784
27542
30738
28023
36929
31505
21496
39274
32903
40520
39041
36750
20446
24608
21154
34115
21766
30058
23884
23472
20711
38385
39559
24459
20495
36330
28061
35475
28828
25806
26634
30535
22362
33129
37118
39585
26333
25252
24189
27784
20197
33529
39584
31895
22456
40584
40516
30427
23504
32700
29343
34426
20891
33661
21059
23591
38454
30967
39069
34770
28518
30036
22992
20805
28386
24676
24573
27459
32943
38193
26941
39315
21709
33001
34171
22352
40539
21248
33008
26708
30456
22303
31072
30881
34819
20323
27462
23743
24158
26354
21543
20276
35099
36719
20447
36755
20828
22329
40119
37089
38171
33491
38519
26643
21761
21939
33647
30964
22825
32481
25384
24441
24980
32654
27741
30913
38236
35848
12293
24124
33342
33136
24039
33507
33564
21215
28312
21711
29705
24845
27996
34905
28189
22466
25532
21889
21326
29922
26137
23397
40143
36152
21695
24675
25597
36821
33748
36898
33637
21659
38192
26473
21361
29920
36286
25797
20522
38400
22528
30068
38662
20381
20843
32434
30896
28073
40839
26522
35273
31567
24840
21548
38589
27626
31313
29585
32534
36886
20064
38801
36382
20041
23388
30103
27531
24155
21983
37234
28552
35846
25334
24005
40495
40682
28102
30344
34521
32600
38084
39673
23883
34553
21717
23674
28491
36733
26585
21544
25035
33108
33994
35286
40751
39560
31537
38505
21879
27654
21153
39581
25605
23186
25197
30981
33332
20390
38148
34928
30729
35757
24561
26885
23521
24089
20467
32899
29626
29701
40504
35199
21672
21274
38165
20135
24700
20649
35206
30452
39533
20991
38533
29357
27835
30887
23646
24405
21688
21860
39290
20013
30054
26020
19998
21033
30449
30196
26395
38041
37327
20932
27682
36784
31405
33985
23402
26029
28864
29664
37202
38237
27104
34222
24586
25474
22916
39287
30529
25632
20026
38738
38795
28572
22863
35292
20061
32464
35686
24639
29313
27893
32951
28120
32424
40607
26252
19976
24779
30182
21050
38378
23725
23544
35315
24989
21068
30505
39569
30743
23546
30027
28342
32509
20961
24749
21246
28458
24722
33735
24832
34594
33981
25769
39563
35788
22821
30261
25480
38256
24789
30072
29050
27985
36401
33286
38413
23697
30572
39320
23572
39272
31934
40095
24199
32491
36802
23267
38055
33509
32451
20572
33315
25317
27827
31782
23230
20179
25361
28514
21787
24079
26633
33715
38718
30224
32449
20210
34108
38114
25908
24318
39610
27278
28383
20606
34268
36951
21834
29623
23071
34212
32918
39284
33499
24642
40765
30900
38048
39055
28183
38145
38259
25776
40097
23194
32429
40486
39542
24198
30519
27817
34670
39309
33041
25494
32701
24179
33460
24616
38227
31661
36134
28218
30361
26381
34609
38397
21697
40605
35858
40671
33544
30624
33588
27743
35749
34541
40554
22318
22478
38415
26356
32987
23092
38093
36767
26449
28925
32425
35888
33831
37550
25358
33900
28909
39683
36846
27260
34476
29497
29599
40529
33280
25319
26693
28617
24049
35946
39759
31539
38396
21037
38065
30136
39575
35268
40098
27224
32441
38188
21622
22376
31578
32580
22616
33716
38036
20844
40493
39181
23046
26584
33633
24698
38745
40479
33563
25279
39675
38149
28335
38085
30271
38403
21691
31922
23870
37034
21950
24246
36457
34943
24180
26594
25151
35905
26133
20937
31382
26054
28107
24343
32821
22830
37233
20542
21965
21722
22697
20882
40527
40837
34873
24736
31528
21256
40152
35867
29756
31949
36877
21253
33642
38161
39304
31923
35064
40078
36725
30937
22003
27008
33454
27965
26520
27987
38152
35831
35910
27862
30472
31672
23703
21815
35853
36179
27701
36158
37167
20834
27424
38230
40147
40729
33251
40066
34104
40672
21792
26500
31933
33853
27029
24247
22987
25032
32536
39579
28867
26837
22999
21794
37027
34428
38116
31109
21410
39640
39047
21527
40131
28041
30014
32829
21460
38409
35114
21093
29096
38553
30517
33713
24033
39079
25457
37321
31639
22103
33147
32773
32435
21673
24085
31165
32933
30003
35882
21795
27146
36208
34544
32932
27739
29699
38713
20164
32417
22925
36396
26376
30031
29463
36941
40540
33337
30839
20155
36797
20419
38124
30791
30597
38097
35014
38178
24426
33211
38218
30528
25507
34552
23219
38422
21365
35400
28088
22805
31614
29473
20271
33728
38774
34659
22535
32450
21586
26688
32553
34032
30179
29673
33545
24597
20105
38179
37225
25554
32461
34885
24203
20011
21507
24825
21987
25520
34170
33375
31655
20861
35622
29980
37070
37025
35692
39532
30011
24055
20988
26891
34593
30749
25856
26979
30112
38392
22314
26720
8216
33993
31918
38579
23913
30353
35839
31192
24123
22791
22516
30910
37154
20185
22931
32474
27012
32458
33451
23651
27976
26775
31944
33720
30307
24785
20324
21051
32473
31742
38491
20304
25601
36808
26684
27665
36357
21331
36923
34474
38406
38096
34880
21604
23064
20256
33928
27553
33484
24636
27911
22797
30899
38831
32972
24687
38503
35137
30871
33508
37122
33359
27674
20925
33524
28294
34414
25373
26482
40702
35065
21534
22482
39567
31423
30544
26391
26864
33704
22411
28375
30565
36777
29808
27975
30922
21508
24875
40655
33453
23075
37071
25912
33953
8230
27493
21490
25374
20667
21472
36722
25206
31867
34685
38107
30413
20043
27815
29325
30010
21799
38043
24694
24812
37046
38472
65281
31609
30634
25516
26302
32718
20010
23853
31179
35779
26070
38747
31168
22253
27672
33384
21537
24518
20391
33327
38251
22270
31893
24699
22558
22953
30932
26216
28530
22937
31238
32507
36234
36723
33169
33579
28134
24229
36151
20056
21890
30245
30592
25552
23649
22105
36277
26696
21898
39278
25134
32609
36150
26753
30117
25424
38449
20474
32824
22419
31404
20102
25581
22265
22108
22539
30294
22240
31498
36426
29166
39286
23630
29733
24125
25346
35774
23052
36225
21877
40536
35766
38517
23433
33406
20433
34028
32752
20107
31548
33618
30422
21564
36887
26993
21561
22338
35801
30545
28197
24739
29030
33943
29294
33809
21648
37063
28210
33479
26106
39319
22323
21643
38761
27905
22836
39587
25215
28608
39043
31581
23456
38201
21162
31929
29364
19992
33176
27954
32873
40135
29424
20267
30073
36339
24113
36147
35820
19996
35895
27961
24493
21531
20517
32442
32426
26051
20449
36214
19987
40134
30862
38548
21719
31411
24435
20808
26623
22402
24339
31397
37079
28814
22379
34731
39544
21995
36814
30333
20113
28779
20035
39558
20260
28809
36753
37040
20851
32517
23435
36865
28638
30249
33050
28821
31454
38624
22521
23425
26426
32437
38109
33757
40482
25496
32900
25265
37043
26700
22570
25307
23035
25599
20037
27645
35776
28053
32852
38772
33436
23049
23094
25387
25161
24680
35800
25893
27035
26114
22390
29260
29645
32779
27575
23536
26331
20940
34255
27159
35889
39062
29312
31524
33351
23224
28751
35793
20943
38643
36825
23616
34876
27994
30319
35770
31959
20896
24406
37177
25642
32416
27688
23624
21103
22839
23383
39727
38083
31574
23466
38225
24330
20521
33046
38771
31900
20504
25420
25193
25439
21405
20837
38220
24321
65311
22682
31687
24275
29786
22530
37274
33218
34989
24464
28781
27521
33617
27895
35302
22300
25214
20171
26197
26691
39551
20769
20492
36215
27032
38200
31717
26589
40517
27603
39606
21828
39592
33607
21073
22809
38420
36425
31095
35837
33449
22123
40864
30928
37036
23381
21477
36973
26021
27597
20307
21500
38035
20914
40772
38125
22005
25954
40133
30186
37099
27998
26224
31568
28437
25155
29443
36824
30424
33437
36409
32772
21777
27664
32520
37196
34892
20511
37075
25331
34502
38021
38541
39541
21155
24545
33480
21310
21183
36776
25375
30732
35762
31255
30382
27964
29723
33609
20020
22826
38610
36793
25306
26062
22244
40125
30154
24453
27894
23385
29360
30275
28003
25466
34231
20356
21169
26632
30640
27838
23351
30151
39548
25371
29367
33007
25378
20204
39554
30113
38480
30826
40556
32745
22974
26862
25899
24534
25972
34597
35890
21670
38607
33432
25112
38473
24230
22661
29190
32010
30457
30127
39066
27839
22435
30233
23453
33457
25784
40587
38117
25568
35861
33630
25242
22030
21247
38169
30758
25774
30921
20190
22316
32716
32660
24439
38588
20203
30079
22947
36926
24149
39077
30183
38077
24635
20160
36194
23431
30231
35390
37044
22810
26399
31513
27733
37207
40139
26911
33390
21822
25490
36761
27819
21306
24735
24449
20140
29459
26097
33325
20040
26834
25284
36820
35814
24554
35810
24773
25915
21273
30008
22490
38070
35098
24319
22060
26194
38460
26538
39214
21254
37240
38463
32628
40736
35894
30702
21646
40574
32500
34843
31166
23451
34893
21833
21242
38604
34643
21497
21700
24685
21941
38498
34442
33660
29240
32512
31080
34429
38177
30746
27637
32483
32945
27732
31726
26164
28452
22052
21657
30187
28949
36989
8243
27667
39318
21820
23387
23428
30933
31681
24088
33194
25545
26092
35875
32750
26505
35010
20233
20989
24822
27955
35864
22855
36311
38552
38383
21106
20241
25720
30446
21487
29502
34588
30130
31070
36323
40595
40835
28729
38086
39060
34563
34183
28418
30697
29305
30408
33807
24800
30462
29295
39312
29648
20621
20976
29378
34460
25308
39711
21696
21653
33162
32032
29942
34866
26816
25216
21311
39547
30700
30007
26531
36875
26102
26928
28142
21150
36125
26159
35869
25909
34903
24760
33678
34763
28193
27788
33419
30721
31756
24524
30531
29992
31186
30126
34631
21988
33841
26894
38410
37694
35852
25663
27178
30636
25815
29835
27021
26937
21485
25542
29401
32447
19988
32676
23409
38389
30399
26578
21484
30415
20608
25534
25619
36738
31509
22856
38669
34690
38133
22276
30334
32850
20518
29157
35879
24384
26359
22367
25143
26377
35796
33538
28010
30229
24473
38543
23692
36747
30757
22955
33314
29489
20050
21017
40515
30042
27714
28255
37576
35760
27837
36176
28291
31189
35845
38585
35857
37300
26000
21334
37112
22859
20864
19990
23673
29965
24847
36749
40140
23013
28393
24853
22043
34728
30742
21364
28113
32513
28859
29742
20876
23548
31243
28319
21683
23784
21350
30207
28557
20840
30002
32480
26209
33114
33104
25381
38418
34006
20195
27867
36314
20992
36920
32774
20342
20845
30555
26174
33146
22534
21830
29152
37232
29536
29275
31659
36146
28598
35925
27225
36174
30876
25615
22511
24472
35274
36184
21290
36410
21441
28067
30331
30755
36911
27796
36476
32671
37155
32438
22913
40509
25865
29824
22317
20081
40518
39297
22349
34949
27216
38120
30489
30184
20393
38471
33862
38151
39046
32592
20116
35842
24548
33368
39072
28151
28845
26345
40115
26679
20525
26172
24589
34425
29432
24815
36398
26629
32827
34091
28556
33445
26177
34233
21451
22763
29390
23395
31302
40687
35299
33752
22114
26946
35769
31098
35834
38470
33683
30796
38504
25826
36441
31544
38605
32455
23487
27971
30256
40720
22028
29852
24819
22374
24417
36416
30157
32555
36291
34923
34993
40511
39135
38042
20002
34987
32622
28908
26740
36148
24217
30718
36132
20311
26480
23167
34945
39314
40583
36508
27874
29434
24613
37950
33910
21862
29572
26196
33627
30028
31941
30192
22522
26032
26519
29781
23916
33470
26563
26576
34385
23849
38028
37096
32471
39029
36720
28082
28536
21286
20456
36193
38121
35126
12300
20183
33557
32482
39535
40120
39056
38590
24352
35091
31383
24062
38126
22334
25187
33074
28463
33004
38221
20960
29734
32742
28343
25949
38606
36742
20994
27981
35751
34615
23781
25462
27836
24211
20811
36965
21733
25665
22256
24148
28338
26262
22553
29577
22068
25034
26896
35056
26967
21482
23275
27673
21005
21628
24778
21448
33945
27249
30338
38045
38632
34015
24820
33596
23033
31645
27899
26631
25391
22904
34079
34741
34216
23016
24870
20973
35781
25808
30684
23418
22674
31038
25745
34921
38388
20202
21333
24813
24418
23486
23777
40075
32907
25514
38416
22228
27538
27082
22040
32174
35759
34619
39296
31946
34445
30140
37241
25288
24529
30105
23704
38098
35854
23072
28203
39306
31207
38105
24481
27088
38075
35836
29814
39557
27803
30623
25122
30679
25810
21457
38421
27547
36199
21545
32556
32559
26800
25453
28798
27431
32495
38446
36186
36762
34241
27307
38753
24515
34719
31174
24249
29282
20134
24806
21471
29228
33431
27870
23608
25438
32043
33260
22381
38103
40859
22675
38379
23653
39621
29384
21970
25950
22359
22872
31494
20200
24697
38215
36203
35767
28431
34503
32679
34451
28145
32844
35278
36130
27898
29327
30740
26397
27264
27133
21896
38068
21618
27779
34510
36848
36760
27117
32687
26635
32533
27609
38671
22412
24037
25286
33071
31665
32562
22721
40510
33463
34920
24656
31569
29281
28037
28820
36819
24041
38128
34762
24651
26524
39067
23810
32822
20046
34309
38156
29392
27922
20987
30240
26234
32497
27760
40144
30220
38113
26045
37301
38163
30153
26517
27227
31602
26549
22935
24380
38034
31364
36805
30813
36717
38567
25195
23459
36495
26191
24814
29549
20820
23525
34000
38175
26228
29417
29032
23020
38223
23480
24530
37221
28064
24555
31557
38484
38078
33333
30860
36284
21969
31041
21241
27533
29454
19975
26681
38497
19993
33003
39122
22191
38143
24756
26848
40863
31964
32525
31499
24895
31291
34693
38426
22079
27047
25970
20351
38461
24029
34955
38224
20249
39036
20439
25099
21495
21512
25166
34431
36343
21151
22484
20031
26575
23604
38082
12299
26454
33021
21344
28861
27183
32421
28478
24456
30751
21342
36487
24081
27010
22280
26472
34595
36394
24571
36161
20803
23561
31914
39295
20799
40153
22372
29750
23637
33832
26792
20375
29369
40632
30431
21202
39317
23221
32942
28790
34590
30806
22605
32445
21587
39749
22199
32985
39313
26141
29213
24674
36387
31289
21589
28176
21621
27822
28389
20039
33329
36790
36980
33636
33551
23494
34496
38598
26925
20415
27655
30524
26297
26059
40159
28829
31525
36963
28976
26188
33620
37039
21905
34281
22942
31508
38464
38054
37228
34606
24351
32983
27986
40836
32475
26982
35802
21754
27449
23745
33929
37200
40118
26865
32923
36479
20392
21674
33740
65509
38390
26447
25684
29482
30284
30591
39647
23252
36324
28843
28065
27627
38656
31534
23707
25209
28610
24188
25517
23551
24051
23899
36510
36228
21191
31363
29996
36895
21015
20219
27067
25441
33493
38182
32539
35803
36171
37834
33040
22140
31354
22657
36383
38469
23632
30001
31377
24213
29736
26580
36485
26179
29140
33889
27176
34191
21747
20008
22771
21121
33556
32469
25524
32874
21353
21634
36190
26876
22509
20372
32523
24471
29239
28805
31487
25443
26621
36168
21346
20174
38539
23047
33054
34622
26088
29359
27495
31570
21066
32526
28392
32688
27014
35819
30450
20465
34467
25105
32724
37324
25259
29492
26112
23476
35271
25190
32690
20360
34081
33830
21852
32552
30471
23822
38834
27494
25633
23081
22829
22827
20526
31992
34433
24046
33589
21381
38402
25247
23714
23449
40700
21149
40857
28553
30511
38160
35799
20917
24119
20892
32518
39118
33210
27524
28947
29002
22092
29435
35070
26094
39267
26122
33521
26089
35893
30358
35830
20166
21992
25991
22869
26535
21475
39303
35281
36710
27586
34152
36413
29245
33179
23100
22485
31496
29748
25041
34678
36807
23596
26874
37117
32999
35744
27859
33738
33011
21947
23700
27902
37041
24658
21388
25000
27946
21769
26818
27675
21040
26973
29657
29702
30213
33394
23506
29241
33151
38024
25004
31881
22815
40699
34548
22353
27764
21627
24323
33190
21313
33293
37239
23068
34511
21716
22686
23458
24444
24753
34633
34567
20108
34060
29978
38414
33778
32625
22545
26126
28911
33134
24811
20856
35798
28526
8217
32800
37266
34074
28919
24215
32446
40162
36918
36868
20329
37145
27048
25586
35856
33446
40831
40116
23688
26611
27845
28293
29882
20251
27748
32925
23518
21465
36715
40107
32459
21919
30802
21270
24335
40832
34915
26292
22900
34632
39301
39649
23256
20442
25160
25421
21883
20057
33098
25913
25578
27982
21345
26406
25110
28855
27084
23467
28227
40575
23782
21591
24618
26483
25513
21523
35109
31085
37103
36187
36165
35826
39038
30683
22179
20666
37265
38187
26724
24182
31485
38164
32725
35872
38150
22275
40551
37187
32908
39635
28625
21703
35272
28796
29517
32958
33010
40679
38250
34382
29109
26487
28409
29749
21647
37218
38393
25709
38576
38140
28337
26932
20083
31889
26049
26725
40843
31104
28118
20250
22659
32802
28170
33881
20240
25530
40503
24420
31550
28363
27585
12298
36164
21736
25318
24999
25164
38081
36276
21897
33712
26131
19981
20913
24367
33897
34326
31105
20599
20901
34562
28074
37219
24457
20280
24086
35745
39628
33804
27883
30571
38249
27873
26432
30115
31199
27728
36834
20073
36843
36454
20558
28172
30178
38058
22868
27773
39549
21098
23432
38664
40514
22560
21283
38202
38633
26263
31471
28856
37319
32543
29783
29289
30962
38189
23601
33307
20182
30418
21714
30024
20430
38902
22756
28068
24605
25945
20421
33039
29484
21593
33593
22687
28907
24807
32386
21187
30246
26132
36145
21713
21857
25194
40085
24120
22025
34134
40501
26411
20915
30420
30259
24448
27753
27287
22725
23233
21757
38217
20303
31564
31185
40117
24237
31909
21989
30355
38173
36173
21547
38752
25805
29916
24243
32490
28173
21619
40101
23679
25472
27450
35059
30086
37003
40109
26551
26987
25772
36292
29406
29409
23454
30030
29237
21206
26974
20694
31807
27000
32516
39076
25929
31461
20319
27523
32498
20094
31246
22061
21526
37255
23495
23250
25411
20027
31713
23613
26503
39748
24202
36828
37326
33970
29805
26791
25932
20247
30633
27826
30162
38660
25935
21478
29590
30522
29306
28459
29379
35808
40090
33181
36259
29935
23618
28799
21095
25294
31171
29431
36837
28063
21518
26530
30097
22604
35840
23039
30905
36137
35307
31821
24661
40657
36332
31203
20332
28558
27305
30123
21738
33485
30765
20461
21681
27669
26612
38451
33761
28900
25730
33423
24476
37214
26257
32548
38049
28860
22525
24196
38226
37995
33226
35850
25102
35843
32514
31096
22016
24433
31868
26881
23452
35824
21702
31937
26579
29632
30780
25405
21825
34001
21035
21551
38123
31902
33148
22915
21675
22163
29273
39034
21453
23398
38047
32565
21513
26212
26087
29566
29416
35768
36721
22576
20051
30857
26689
24643
36894
21182
28246
24133
35280
38199
20852
32560
24794
20809
34568
38890
20387
33632
25026
27744
31932
25315
36140
33459
32791
40759
26063
38262
28286
21330
30416
20462
29495
36884
21514
27513
32479
27833
21868
32780
23210
36135
38827
39125
34384
32519
35290
31961
39071
33803
23234
27915
21550
65288
22121
22489
25150
27442
20248
28270
29356
35873
33034
28457
30343
38536
20505
22865
23386
21584
27529
27947
23625
27653
28707
26214
39302
23104
21579
20800
34507
27978
22934
28436
22073
22351
33016
33469
40490
30300
23447
30232
20440
31392
23443
23681
25722
25504
33816
33107
23562
30102
20396
37061
20716
23477
27812
21623
25937
30053
21220
27781
21097
38647
39059
22418
38468
35755
21499
36466
24455
24653
34142
26161
27028
36530
20725
32452
33044
24314
26207
36785
23244
30208
33311
23735
29255
38429
22395
26462
29426
20320
27425
31906
32988
25577
27572
23490
27189
31114
26448
25111
20045
26438
27801
23617
25996
26492
24460
38253
20710
32709
24362
35821
25947
25550
21329
21961
23057
38797
30164
30977
36726
38704
20848
29956
38255
25482
34739
25062
23376
21208
21725
26840
32959
27681
26525
27860
40542
24080
36331
40114
37247
27057
29368
35807
28510
20869
30193
22982
26017
37738
31491
21200
20658
26286
35817
24763
26609
27872
33537
30872
39057
23721
34360
28465
21804
29316
34826
35787
40080
27468
22017
21009
30855
21359
30720
39292
26152
30779
29042
31229
20284
20984
28792
33600
27934
35885
33113
22696
24248
31531
33503
20350
26771
36461
34443
34523
36718
34067
23448
33615
24501
22914
29107
21516
33721
25764
40628
33100
32510
28096
36463
23462
25958
34471
20907
22777
27207
34122
19997
25238
25963
21358
20506
32463
29611
20117
24162
21840
21632
20945
21994
25125
21884
28304
34345
25171
21596
24359
30250
38207
39042
26547
27742
39253
33977
39031
39134
27092
30748
31860
30098
35120
32781
24278
28238
35269
36909
27791
36829
32462
25481
30784
39612
31067
21139
21576
21957
25305
32568
27752
38185
24337
21568
26479
32419
23665
20065
23528
27684
35167
36344
38044
25199
28493
35060
27602
34749
37294
32819
32427
38122
29815
21608
36943
30867
28595
33760
36195
25925
38115
20432
32927
24311
24696
38130
26410
21676
40533
24713
28147
34500
22348
26704
29081
29301
27792
21122
24669
27709
38804
30701
33407
39143
38091
29477
30669
32993
33722
31660
38247
29575
30165
31616
29053
38162
29983
32551
37260
23854
25386
21985
36198
24724
37015
29595
36136
33278
33646
21899
30066
36930
38408
21462
33515
35775
35863
36981
25422
34137
22833
29918
26052
39546
20184
23844
39571
38495
27169
30589
32808
33296
28698
36434
25022
22996
24038
30350
38030
31786
36196
31718
20291
30292
32789
31546
36235
33795
36211
39052
36418
33655
32561
30152
25758
30129
22350
37049
23481
26053
21076
33793
29785
38649
24369
23146
25919
29706
34453
27135
33009
8221
33635
32964
20127
33997
20957
22962
20025
38046
32790
24726
23264
33267
32610
24223
39063
33313
28177
20263
20742
29224
32737
40488
29977
25240
38051
26195
24858
21846
37090
27785
36349
24733
21742
28378
37073
33527
32962
26199
65289
22396
26429
39037
40158
40505
31766
22581
20149
33150
38222
33285
26093
28174
30239
26586
32454
20420
31706
24679
21402
22369
21726
26588
28322
27844
20215
26446
29261
34809
30653
40070
30807
37190
35916
20060
29682
30604
39618
28783
24701
38698
25417
25179
8214
33626
25429
28015
23762
24308
26697
30477
36992
39574
31368
25442
23663
26647
35978
35777
24544
37245
23847
32928
25794
20919
20111
28891
31705
31526
23803
32638
29100
28371
33099
23011
29738
33030
21557
22905
22234
32411
36229
30844
21422
39534
35865
31163
25773
24310
26071
20999
20540
26507
20177
23396
30695
30149
20889
38213
34686
27901
33012
24214
34204
38076
27447
33391
28895
29711
38142
22159
22799
28126
38506
40149
35960
27427
36729
21232
21047
33592
28789
20552
40552
33580
21845
39699
21956
34581
29761
27167
27712
31071
21348
24716
23569
29076
25380
30585
25528
40674
27927
33452
22066
30693
38757
37220
33820
26001
33756
38601
40497
22812
34402
26705
24047
36188
20123
21397
33348
20115
38190
35835
25115
35748
35032
33718
38901
27818
26916
31808
38159
34966
20886
26441
32835
34913
20853
38891
29615
27950
29394
35977
32768
40122
25558
21937
8242
21624
25096
20139
26485
23507
38146
27426
20165
39715
31177
36500
33682
25413
24863
21488
27766
28388
32666
28201
33901
35786
36840
26539
65292
36282
25366
32696
25523
24140
34430
22406
20478
20305
34121
40485
26027
27197
33643
24730
26080
38836
28251
32673
32973
20747
29462
20052
33696
23715
21980
35811
24867
33002
28303
21549
27825
32786
38186
24331
24208
32503
29238
28538
27718
25688
29747
38428
27696
37226
37045
20154
37094
27004
32793
30722
28952
36433
26604
23811
35758
12297
34444
32506
32771
31162
21903
22949
38127
21724
25130
30699
38141
24109
22852
21493
21780
24623
29279
40091
27454
40635
39073
34769
26417
31459
33759
27611
20047
39545
21400
30268
37048
28699
24443
29422
28085
21704
38423
20887
25379
25140
33043
32607
26144
25830
28800
35823
27668
40547
21767
20379
24568
25658
33078
26666
30041
28372
28977
32895
38031
25484
23938
20647
31211
19985
25114
33410
20559
19995
29310
38384
21370
31455
40123
36947
40141
39293
32769
25910
34838
36160
21417
25298
31896
34223
22995
23786
25353
24590
34022
22475
21002
21908
21556
36280
20169
21315
21974
30772
21000
26564
22443
21043
25463
38819
28889
30414
34972
26674
33322
39730
21560
21494
22850
32938
38556
34071
24871
33145
35747
28353
34696
34570
27599
35790
23580
29028
20054
40480
25239
38111
33133
36734
27617
32823
32948
27237
38180
28346
33425
25152
33167
34512
35772
27719
38074
28297
22047
23394
34019
24594
23648
30879
40677
38153
31699
38168
34542
21895
25198
37264
20255
37019
23733
20120
22452
20384
36143
32550
21319
32557
39280
12296
38442
31636
25423
22520
39049
31384
23346
36932
30520
29503
22493
27777
22251
36744
23524
32956
40766
20181
22919
34434
24578
27880
38899
35753
33891
24344
27745
37275
21888
21363
27988
37095
30645
40491
37340
21294
34013
26463
20237
27281
20180
22158
32047
35591
30044
31686
40654
38780
24904
25786
34784
32922
34164
36864
35955
24936
23457
38198
30609
31783
36816
21195
22958
32990
29233
36133
40519
27686
33401
34461
20266
28330
21505
37306
32982
21949
35124
35017
33805
39039
30518
24764
28385
21413
35962
39564
40096
22857
35795
35838
38239
33402
28207
34962
32796
29671
33476
34516
26707
27813
21638
38029
34835
20588
33550
38739
35195
36991
32489
33455
24596
25320
28287
22238
37066
27661
35806
33396
36838
24868
38654
29976
20570
38405
25454
29496
30131
36873
35868
32989
36924
33094
29399
30406
35785
30447
31378
28165
23586
20821
39740
28040
30562
21693
20007
39607
27863
35140
24581
21338
37084
30021
37000
34526
32915
31351
36974
23090
32810
27930
23254
24450
37017
34103
28028
32477
30502
22235
35938
26825
29330
38135
36841
25001
33500
24067
31809
22237
20104
26421
25703
20022
33934
32547
26165
25645
22383
34661
22612
36169
25287
21501
33109
30473
25721
26727
30789
36241
39688
22241
22024
12304
25303
24576
30100
30496
27515
28349
39269
36739
38411
26469
35203
28108
29113
26657
40550
20754
22427
33848
30690
23553
25527
24629
33441
40841
34259
33284
30211
21981
39761
31735
31087
25321
32602
27663
23576
32166
40727
37038
26007
21056
25302
26025
31656
37011
38203
30897
34479
25139
22820
22994
33640
21990
38242
33038
25569
24132
26247
33645
35789
24212
26829
38073
21710
26440
33228
29995
20136
29822
28046
27016
29522
29722
27943
21307
21281
20854
30651
37246
32652
40060
25486
26086
39543
32809
40156
38079
30111
35048
31360
20163
33785
31605
32966
38053
27700
23384
25324
23702
30437
26694
22343
40483
36724
24681
35970
22954
30342
26544
22432
20080
26685
33770
36851
32924
29270
38398
22266
21971
35866
27492
35828
23445
32641
32440
33490
20316
26143
40077
40761
33641
35026
38184
20109
28034
40644
35841
21595
34249
40664
39552
33706
24052
24774
20934
30264
36273
26238
33988
20458
32896
22261
26790
31890
33821
24913
33743
20161
23004
25792
34162
25506
36746
22450
30917
39030
30171
26198
22281
25928
22331
39553
39591
32549
27605
27635
38228
25325
32881
24283
38582
28851
22364
31503
21644
36423
24935
36318
29967
36845
25918
20975
34948
33583
27280
30744
33086
26060
22899
25419
32963
22986
21721
31775
40561
40082
28316
36836
30141
40555
37195
40124
23835
27063
40112
31658
28825
31976
40548
32431
23421
35004
33967
29389
38119
39271
26721
23493
32535
21006
31637
20132
33418
24207
31262
32753
21280
23627
32986
26641
20170
30554
22120
38387
39144
26851
33421
24684
36144
39550
38592
32817
20616
25191
23662
20234
20723
33255
39123
36735
19971
22441
33707
39129
27722
24537
20129
32599
28070
22445
35279
24070
19979
20551
8220
40113
29997
35844
21439
35797
29520
22434
21261
22320
25964
20981
33576
20167
30372
40092
20547
38088
40148
33542
26512
23574
24413
36857
34411
33978
20114
32974
37325
35947
36361
28044
33562
33073
26639
27740
25044
29863
30610
39663
40138
38245
32633
20018
36496
32618
21489
34174
30717
32581
34105
30142
29993
35804
35884
39627
24191
23547
26066
29527
33160
25488
26999
39757
26786
22564
28404
23814
35201
33483
27754
23588
31584
33883
26379
38404
29428
35878
24490
23556
35847
35816
26041
25746
31903
38551
32578
34473
20282
25101
40668
21661
40099
32487
24365
24604
21945
36156
38104
40069
30629
36866
38459
34935
29481
36182
22007
24841
22885
38050
25942
25783
37108
38665
34427
33222
30180
33882
38808
33784
32856
26367
26842
30596
20993
38244
37230
25087
30691
22741
21360
39695
34299
33298
30340
21053
30204
20598
30829
29647
29467
36345
39617
26368
25249
38453
22768
28354
23534
28532
32805
24864
26638
25103
34218
20928
20239
33152
36175
36740
33510
32515
31869
30776
37846
24377
38101
36716
31901
20498
39747
24184
20500
24930
29266
20866
28903
24565
30865
26624
21574
22656
23731
20213
32501
24432
28944
28997
36558
33543
22920
22368
35973
20274
29469
34546
38657
39582
24683
31400
20110
27522
24528
32546
29740
36737
21727
21389
40521
37197
38646
31755
31697
35764
26726
27974
27891
38597
21807
33495
22139
22330
34181
21671
38634
20005
20208
30778
23408
38214
23769
37085
31068
27850
24557
38025
35813
27875
32564
33806
35877
23780
25788
33353
25153
36771
29177
29377
21476
35822
21055
26590
32570
20872
36891
29232
38144
35832
40669
38750
25590
29989
25340
33282
25235
33879
21705
35892
20939
33873
26758
21811
24358
27889
39539
37101
22862
24703
23439
28180
21048
35874
28950
32448
22313
21049
39276
31668
26675
22260
30498
21024
23748
35778
38889
29247
21553
37253
26742
29730
30132
37210
39279
22561
23424
40506
21193
35057
21321
21571
24598
33691
30402
31252
26342
36367
29614
27918
23000
33725
38386
32439
35809
38593
36893
29483
23696
38706
20012
24192
24347
40132
20312
32845
24220
27017
31381
35754
28425
35043
34758
27979
23413
28953
32703
30465
20426
37492
25822
32941
37026
21517
36897
36294
28103
39277
28195
24218
20130
25449
39601
40738
29038
40071
39285
33948
29790
20513
40844
31532
29825
19980
34660
35829
21340
24974
35851
30410
38132
24186
33486
27966
30733
38712
33581
21028
32784
23377
33559
31077
25394
22257
33603
40524
33105
19982
30417
30561
31607
35039
22116
65306
24178
32488
20877
36460
21058
31968
21089
21927
24209
29322
24748
32596
29436
30166
33261
21305
34545
27953
38059
34957
30777
25630
24407
36299
20254
36830
30655
20398
32714
26157
23708
26601
25299
38233
31224
34106
40081
35883
21870
32788
35044
28359
37072
25169
26723
25874
37051
27490
35090
21650
29940
36831
23729
23162
26434
22104
21869
36319
30460
22239
32616
21827
30768
38382
21964
35794
27498
34732
31066
37194
25332
30563
22993
28186
20918
22823
30285
31709
20147
24691
30116
20004
26646
36417
26729
31398
20923
30861
31576
20451
35311
38191
21163
39540
34917
25233
29159
25612
27465
32764
22831
25694
28844
22278
28508
23270
22622
32494
28369
38241
32566
34527
24615
22319
25414
21746
33905
36317
20070
20363
36882
30805
22387
24494
38450
34573
35294
26731
36728
21533
22549
29031
21367
30874
20801
28020
38887
31958
26388
32465
25975
25225
25682
34256
28139
31232
29298
26332
23519
27886
23631
25304
25750
22075
22378
36523
24797
38102
40717
29788
21917
40151
32511
12291
29006
34798
23869
33268
33548
27687
12301
38544
23460
34490
38434
23305
33275
31800
35746
34924
35276
36527
38508
33014
32563
26561
21823
32735
33750
32670
25995
38071
34021
24066
29286
24110
23450
28367
33829
24341
36287
32422
30385
21806
28448
33587
21886
24102
28954
39753
38147
20348
36315
29865
22764
35833
32418
32457
33769
23641
27516
30270
30000
31213
22871
36127
34647
28654
22070
29423
27185
28079
37518
22002
26384
21536
20024
40557
39608
34398
25674
36727
19989
27887
21078
26231
24521
32831
31344
21542
37213
28905
37199
38206
21535
33080
30083
25326
31012
21019
34941
22014
20399
29123
36159
35891
28216
21486
33422
38886
39307
28155
25290
24429
39600
22541
27941
39032
36945
33553
20214
30710
27530
32496
23002
22366
25342
26096
33042
20849
26526
21563
30272
33659
24027
31204
35105
39275
21880
37231
23611
34946
31948
23360
38069
21467
31059
38477
20146
36481
27698
27491
32650
23705
30137
20278
34412
34752
26082
33149
39044
36302
8212
25571
23077
36255
23348
22051
30106
34735
39068
22952
27900
38110
22436
22065
25611
33444
35825
23517
36162
32467
40526
33644
33482
24408
40638
20141
21912
31650
20431
21606
34484
20261
35029
20327
38158
25588
25352
34432
36328
21263
21271
29926
26827
36955
33416
40094
36855
30043
22488
34794
20301
28325
23693
31079
21264
33789
40105
36464
27562
20142
20309
39282
22391
40840
22841
20508
33281
21147
27428
20822
33331
21617
20986
22840
25163
25104
34584
26124
36817
28975
24535
32792
22786
24707
26222
29640
33541
21554
23792
39045
23838
33448
40104
35913
21943
21916
25670
35752
28347
28078
27583
33616
23633
26608
34707
28248
33125
24103
32529
23143
29087
31629
32593
26799
21481
34109
38684
21161
20394
32960
28902
40065
24808
24614
36189
38235
36896
38514
26692
21119
24682
29934
24731
25781
22433
29923
37198
21038
28024
24425
23846
30242
28373
34381
40715
33426
33473
32527
36364
29616
36129
34003
31561
24809
33005
28904
23741
31234
33505
34579
28601
40785
31389
20463
36180
28051
30568
33540
29022
28435
21775
32617
20645
36861
21759
30712
36869
24061
30347
25592
38037
34676
27832
33631
21170
33323
25644
24666
40667
25285
25243
26636
38062
33412
29366
20556
36386
34016
21796
36880
33192
35871
38092
31462
26743
34814
22654
32538
30091
34364
34569
25200
22282
38232
31048
21802
38613
34383
24816
37124
34224
29831
26873
23265
25220
34601
28626
32504
20302
38248
24092
40594
38208
26329
33776
40498
25551
38271
27877
27086
38108
33539
36968
25732
27036
23789
28548
36946
32807
33914
20128
29551
38134
20911
33439
32763
40697
21375
24906
29486
33976
32736
21741
29474
38039
39281
34636
34092
33575
26444
30956
36870
24361
20995
20355
24161
22665
24320
27160
24187
26085
26361
27931
34980
25314
27721
28014
25260
32110
35174
33456
26127
27606
31258
28874
33496
33405
28006
35815
37057
35876
21861
26118
21046
39537
35022
26412
28101
31759
40748
38061
20565
21117
38026
26912
22149
30328
22766
30109
32834
24971
20340
27539
24838
27015
35033
24466
21014
28640
37193
26690
26031
34942
23379
31446
35013
27679
23218
34547
21347
21057
22971
32929
35115
21629
26477
36212
24575
20285
25902
20191
33688
30005
32705
24617
22636
29924
32508
31292
21667
30828
32996
35930
31449
20935
39311
25410
22918
32920
25289
26435
27762
36405
20457
27296
35042
39040
28128
34638
26378
25293
24796
35266
27735
26702
24688
35028
34656
28384
32524
29677
25467
28049
30800
29287
23195
35780
23158
27595
36335
35335
38401
33931
24641
21808
34649
33628
31108
36468
36879
31729
38027
37329
29548
29619
23706
23041
23567
27852
20196
20335
25511
27053
22874
38064
23281
29579
20365
33033
36756
35466
32838
38516
27856
29134
25292
31028
40084
23156
33310
28461
38136
20029
24541
32432
22438
24093
24708
35282
20367
38789
24452
30605
25269
28766
26607
26187
32755
29080
21712
21776
39570
23614
28062
38431
31245
20806
33899
26223
25124
38197
39745
31155
21317
23882
28810
38500
26976
23159
27704
33335
28784
24072
26355
21578
27882
36181
39300
26680
24744
29141
23059
36427
29060
28228
23318
27631
27099
30386
35009
28156
27670
31074
21416
36310
25132
20048
31361
21032
28470
20718
20339
26352
31206
36752
29627
26460
33026
33922
35301
21519
34044
36995
33000
23621
20044
38196
29840
36994
36804
20855
26023
26805
21668
26943
33320
40489
23427
26893
20885
23589
28822
31348
31921
20581
31435
27103
20687
31563
28872
34684
34343
33670
36798
21277
32415
27546
39746
30737
23401
22806
38063
23125
30201
36842
40578
34733
23609
12290
31227
31161
26970
38686
38534
36745
36757
27888
38072
32997
30253
35911
33392
33765
26242
23573
25094
20648
21021
36890
29425
28140
20985
37236
30782
40522
24908
36867
31692
32468
29669
28818
30124
26279
36213
34711
28125
24298
36944
24527
29088
20817
33339
32453
22902
40649
23044
65307
31598
22365
40103
25273
28780
29420
25351
25159
26550
26464
30504
33450
38425
24582
24040
21708
39739
23545
36538
27694
39128
34583
36713
22013
35862
35773
22439
25275
39578
29943
38137
25121
20698
28000
32946
33656
38829
20030
31515
28059
32420
33216
30244
30209
36167
25816
36779
23915
27811
34532
31621
33068
28857
32858
26364
38663
36902
28847
23260
20971
28966
28422
29827
31482
34586
29602
20717
22596
21972
21892
29906
25077
36141
30761
21069
36910
33276
35855
38090
21442
20016
38257
20731
36341
21891
25376
27916
32957
25176
32466
32530
23241
21018
22346
34771
33531
38252
21522
39654
39121
28540
20162
25512
30218
32321
25149
20159
38892
20389
38452
21520
20924
32954
32597
25370
25327
37237
31006
25402
22269
33258
26012
25196
22870
33927
21878
33334
31967
34683
39130
34261
33692
26869
36346
33639
39252
21684
32521
38112
26269
21996
31469
29380
33120
40492
27233
21152
35784
36732
24091
33796
33729
27051
21355
31492
39659
21652
23828
21084
33590
20955
39316
21343
20982
39078
25652
36153
29662
21521
30898
34850
26495
21737
30174
24296
36751
23724
24949
22882
27481
27929
34148
29468
40502
23389
24069
36138
26494
25250
29441
33828
33724
37030
26552
36730
33292
20314
30719
34480
37282
32697
32460
21679
26728
23411
33909
29787
29642
29609
24516
32532
23626
24951
22804
33336
38094
35961
31722
32493
34417
20826
20524
37169
25343
34837
36185
31579
23830
35465
31388
27973
35812
39751
24917
20912
27774
36300
30133
34120
32540
26166
19994
22609
34394
34699
23114
22842
33465
30168
25015
33037
27957
33487
26577
38816
24273
36155
28382
26465
26722
23273
34849
27308
25109
36856
21407
36393
30764
24665
31352
21464
37083
31049
25277
38181
32842
28196
40535
30388
25203
34884
40150
26415
26543
25282
22446
20063
28937
22495
31119
24619
22363
25212
26767
35045
33154
37
48
49
43
50
61
51
52
53
45
54
55
126
56
57
65
66
34
67
68
35
69
70
36
71
72
38
73
74
39
75
76
40
77
78
41
79
80
42
81
82
95
83
84
96
85
123
86
87
125
88
89
124
90
33
97
98
44
99
46
100
101
47
102
103
92
104
105
58
106
107
108
59
109
110
60
111
112
62
113
114
64
115
116
91
117
118
93
119
120
94
121
122
63